2529565
679313
308137
312123
508522
500417
621381
626299
680812
716809
554326
465815
423606
426616
584983
641720
447734
729488
538943
675591
489745
620650
660411
742092
1286149
847435
591713
526299
394233
523327
618943
453728
645684
408147
601251
819171
787490
1564845
779196
796857
788821
771914
754937
943572
893058
878162
486419
631891
674754
688716
666256
689984
692643
690622
707157
726893
507366
523687
524383
532217
660116
590390
554537
567781
575712
574104
672728
1006068
1371460
839171
624073
801239
640845
654746
668455
692427
701693
705927
744194
705303
968955
1025251
1009332
1008383
1037471
1035135
1043524
1081415
1061837
1484488
781616
781481
794917
796932
816485
829822
833888
996525
1217495
1116535
