930
1123
1458
1965
2726
2820
3373
3776
6787
4623
8013
6257
12798
8316
1379
1617
1774
1779
1586
2243
2095
1947
1889
1920
2115
2607
2478
2396
2492
2597
5039
5844
6116
9028
6851
6818
7823
7540
6922
7913
7595
25683
4523
11699
4420
7240
4584
7890
7177
5090
7223
5159
7722
7146
6445
5096
5698
5270
5226
6366
12414
6206
5675
6328
7453
8191
7794
7621
7317
8238
7735
7871
7813
8127
8083
9625
10665
9909
9085
9239
9106
11229
11324
11683
10853
10761
10766
10828
12383
11321
11188
13294
11812
11950
13895
15095
15699
13868
13636
13712
