9833
4370
4032
3376
4514
4887
5652
6431
6904
8087
10658
5333
2138
2155
2372
2491
2810
2620
2704
3014
3165
3400
3471
3774
4036
4075
4165
4497
4758
4721
7253
7075
9569
5447
5497
4497
4782
4771
4710
5603
6050
6430
5978
6016
9439
6782
7422
7397
7586
8073
8027
8821
8887
24719
10626
10358
11000
12277
11289
13400
12372
11834
11648
12063
13705
13866
15031
15362
13960
14917
15185
14879
15473
16481
16113
16972
17476
18781
19035
18656
18846
19472
20254
20879
21860
21278
21807
22184
22754
22296
25354
23219
26577
24884
25883
27374
25580
27137
26509
27892
