1583511
1162266
1204520
764137
707438
720399
755468
809476
1046793
990185
1088844
1101675
1173145
1244842
1408276
2327425
2229234
2045829
2488299
2031419
2180802
4535550
2432055
2450712
2547825
2534074
3565930
3084316
2794885
3611476
3991408
4035162
3974527
4027565
2560118
2780967
2913743
3152030
3301064
4480637
5210720
5651919
4558178
3258896
3508845
4023696
3379809
3017582
3092703
3746938
3797318
3600606
3523228
3495430
3533633
3888266
3902458
3845104
3784961
4260779
4323455
3998766
4337974
4288991
4540646
4294032
4274143
4551536
4814997
4568607
4479926
4808601
5119085
4722249
4711679
5689440
5690743
5424160
6293730
6437423
6630243
6413712
6511953
6685081
7478654
5861125
6968373
6828143
6125675
7625785
5924960
5819551
6495853
7300451
6535529
6213960
6121216
6766522
6570500
7090208
