38368
82174
55631
96141
85434
123906
154954
302841
222572
137987
160168
150271
155583
115885
106194
106725
124126
150610
125576
145102
142482
182945
202859
226122
175462
180722
177890
189165
191923
144222
135288
127964
128250
138219
169665
340771
310687
220554
388238
411198
416675
439224
251880
417011
450597
374015
223864
292544
191861
279250
290657
358947
303509
343061
324411
326230
298494
228723
405406
486906
225217
222017
198428
213793
204049
380422
405017
408552
429100
383497
332131
268791
249129
265548
352514
294334
295584
288020
281053
269034
256681
254665
261335
343319
293568
286540
283053
282762
296184
289239
289030
342374
421405
432926
437700
319803
340038
328684
316737
308833
